-100.000000 -0.528265 1
-99.000000 -0.568042 1
-98.000000 -0.602031 1
-97.000000 -0.629888 1
-96.000000 -0.651326 1
-95.000000 -0.666129 1
-94.000000 -0.674145 1
-93.000000 -0.675293 1
-92.000000 -0.669561 1
-91.000000 -0.657007 1
-90.000000 -0.637759 1
-89.000000 -0.612014 1
-88.000000 -0.580033 1
-87.000000 -0.542143 1
-86.000000 -0.498729 1
-85.000000 -0.450234 1
-84.000000 -0.397152 1
-83.000000 -0.340024 1
-82.000000 -0.279431 1
-81.000000 -0.215992 1
-80.000000 -0.150352 1
-79.000000 -0.083180 1
-78.000000 -0.015161 1
-77.000000 0.053013 1
-76.000000 0.120647 1
-75.000000 0.187051 1
-74.000000 0.251550 1
-73.000000 0.313486 1
-72.000000 0.372228 1
-71.000000 0.427177 1
-70.000000 0.477775 1
-69.000000 0.523505 1
-68.000000 0.563901 1
-67.000000 0.598552 1
-66.000000 0.627105 1
-65.000000 0.649268 1
-64.000000 0.664817 1
-63.000000 0.673593 1
-62.000000 0.675506 1
-61.000000 0.670536 1
-60.000000 0.658735 1
-59.000000 0.640223 1
-58.000000 0.615188 1
-57.000000 0.583885 1
-56.000000 0.546633 1
-55.000000 0.503812 1
-54.000000 0.455858 1
-53.000000 0.403260 1
-52.000000 0.346554 1
-51.000000 0.286316 1
-50.000000 0.223162 1
-49.000000 0.157733 1
-48.000000 0.090698 1
-47.000000 0.022739 1
-46.000000 -0.045452 1
-45.000000 -0.113180 1
-44.000000 -0.179755 1
-43.000000 -0.244498 1
-42.000000 -0.306750 1
-41.000000 -0.365877 1
-40.000000 -0.421277 1
-39.000000 -0.472384 1
-38.000000 -0.518679 1
-37.000000 -0.559689 1
-36.000000 -0.594997 1
-35.000000 -0.624243 1
-34.000000 -0.647129 1
-33.000000 -0.663422 1
-32.000000 -0.672956 1
-31.000000 -0.675633 1
-30.000000 -0.671427 1
-29.000000 -0.660381 1
-28.000000 -0.642606 1
-27.000000 -0.618284 1
-26.000000 -0.587663 1
-25.000000 -0.551055 1
-24.000000 -0.508832 1
-23.000000 -0.461425 1
-22.000000 -0.409318 1
-21.000000 -0.353040 1
-20.000000 -0.293165 1
-19.000000 -0.230303 1
-18.000000 -0.165095 1
-17.000000 -0.098205 1
-16.000000 -0.030314 1
-15.000000 0.037885 1
-14.000000 0.105699 1
-13.000000 0.172436 1
-12.000000 0.237415 1
-11.000000 0.299976 1
-10.000000 0.359481 1
-9.000000 0.415323 1
-8.000000 0.466934 1
-7.000000 0.513788 1
-6.000000 0.555407 1
-5.000000 0.591367 1
-4.000000 0.621303 1
-3.000000 0.644908 1
-2.000000 0.661943 1
-1.000000 0.672234 1
0.000000 0.675676 2
1.000000 0.668935 2
2.000000 0.648847 2
3.000000 0.615813 2
4.000000 0.570492 2
5.000000 0.513788 2
6.000000 0.446832 2
7.000000 0.370961 2
8.000000 0.287689 2
9.000000 0.198676 2
10.000000 0.105699 2
11.000000 0.010613 2
12.000000 -0.084685 2
13.000000 -0.178293 2
14.000000 -0.268343 2
15.000000 -0.353040 2
16.000000 -0.430692 2
17.000000 -0.499751 2
18.000000 -0.558838 2
19.000000 -0.606775 2
20.000000 -0.642606 2
21.000000 -0.665614 2
22.000000 -0.675342 2
23.000000 -0.671595 2
24.000000 -0.654448 2
25.000000 -0.624243 2
26.000000 -0.581582 2
27.000000 -0.527318 2
28.000000 -0.462532 2
29.000000 -0.388517 2
30.000000 -0.306750 2
31.000000 -0.218863 2
32.000000 -0.126609 2
33.000000 -0.031829 2
34.000000 0.063587 2
35.000000 0.157733 2
36.000000 0.248733 2
37.000000 0.334769 2
38.000000 0.414126 2
39.000000 0.485220 2
40.000000 0.546633 2
41.000000 0.597139 2
42.000000 0.635730 2
43.000000 0.661637 2
44.000000 0.674342 2
45.000000 0.673593 2
46.000000 0.659403 2
47.000000 0.632057 2
48.000000 0.592099 2
49.000000 0.540327 2
50.000000 0.477775 2
51.000000 0.405689 2
52.000000 0.325509 2
53.000000 0.238834 2
54.000000 0.147394 2
55.000000 0.053013 2
56.000000 -0.042426 2
57.000000 -0.137018 2
58.000000 -0.228877 2
59.000000 -0.316169 2
60.000000 -0.397152 2
61.000000 -0.470211 2
62.000000 -0.533889 2
63.000000 -0.586913 2
64.000000 -0.628227 2
65.000000 -0.657007 2
66.000000 -0.672677 2
67.000000 -0.674926 2
68.000000 -0.663708 2
69.000000 -0.639247 2
70.000000 -0.602031 2
71.000000 -0.552804 2
72.000000 -0.492546 2
73.000000 -0.422461 2
74.000000 -0.343947 2
75.000000 -0.258570 2
76.000000 -0.168034 2
77.000000 -0.074145 2
78.000000 0.021223 2
79.000000 0.116168 2
80.000000 0.208795 2
81.000000 0.297256 2
82.000000 0.379786 2
83.000000 0.454738 2
84.000000 0.520617 2
85.000000 0.576108 2
86.000000 0.620104 2
87.000000 0.651728 2
88.000000 0.670348 2
89.000000 0.675592 2
90.000000 0.667357 2
91.000000 0.645806 2
92.000000 0.611370 2
93.000000 0.564735 2
94.000000 0.506832 2
95.000000 0.438816 2
96.000000 0.362045 2
97.000000 0.278050 2
98.000000 0.188508 2
99.000000 0.095204 2
100.000000 -0.000000 3
101.000000 -0.072006 3
102.000000 -0.143278 3
103.000000 -0.213091 3
104.000000 -0.280732 3
105.000000 -0.345513 3
106.000000 -0.406775 3
107.000000 -0.463891 3
108.000000 -0.516282 3
109.000000 -0.563413 3
110.000000 -0.604803 3
111.000000 -0.640031 3
112.000000 -0.668739 3
113.000000 -0.690634 3
114.000000 -0.705492 3
115.000000 -0.713162 3
116.000000 -0.713566 3
117.000000 -0.706701 3
118.000000 -0.692635 3
119.000000 -0.671513 3
120.000000 -0.643549 3
121.000000 -0.609029 3
122.000000 -0.568303 3
123.000000 -0.521788 3
124.000000 -0.469956 3
125.000000 -0.413337 3
126.000000 -0.352506 3
127.000000 -0.288084 3
128.000000 -0.220726 3
129.000000 -0.151120 3
130.000000 -0.079975 3
131.000000 -0.008014 3
132.000000 0.064028 3
133.000000 0.135418 3
134.000000 0.205428 3
135.000000 0.273345 3
136.000000 0.338478 3
137.000000 0.400161 3
138.000000 0.457768 3
139.000000 0.510711 3
140.000000 0.558451 3
141.000000 0.600501 3
142.000000 0.636433 3
143.000000 0.665881 3
144.000000 0.688545 3
145.000000 0.704194 3
146.000000 0.712668 3
147.000000 0.713881 3
148.000000 0.707821 3
149.000000 0.694550 3
150.000000 0.674202 3
151.000000 0.646986 3
152.000000 0.613178 3
153.000000 0.573122 3
154.000000 0.527228 3
155.000000 0.475962 3
156.000000 0.419847 3
157.000000 0.359454 3
158.000000 0.295399 3
159.000000 0.228334 3
160.000000 0.158944 3
161.000000 0.087933 3
162.000000 0.016027 3
163.000000 -0.056042 3
164.000000 -0.127541 3
165.000000 -0.197740 3
166.000000 -0.265924 3
167.000000 -0.331399 3
168.000000 -0.393498 3
169.000000 -0.451588 3
170.000000 -0.505076 3
171.000000 -0.553419 3
172.000000 -0.596124 3
173.000000 -0.632755 3
174.000000 -0.662939 3
175.000000 -0.686370 3
176.000000 -0.702807 3
177.000000 -0.712084 3
178.000000 -0.714106 3
179.000000 -0.708852 3
180.000000 -0.696377 3
181.000000 -0.676807 3
182.000000 -0.650341 3
183.000000 -0.617250 3
184.000000 -0.577869 3
185.000000 -0.532602 3
186.000000 -0.481908 3
187.000000 -0.426304 3
188.000000 -0.366357 3
189.000000 -0.302677 3
190.000000 -0.235914 3
191.000000 -0.166747 3
192.000000 -0.095881 3
193.000000 -0.024038 3
194.000000 0.048049 3
195.000000 0.119647 3
196.000000 0.190026 3
197.000000 0.258469 3
198.000000 0.324279 3
199.000000 0.386785 3
