0.062832 0.960972
0.062895 0.961879
0.062958 0.962785
0.063021 0.963688
0.063084 0.964588
0.063148 0.965485
0.063211 0.966379
0.063275 0.967270
0.063339 0.968156
0.063402 0.969038
0.063467 0.969915
0.063531 0.970788
0.063595 0.971655
0.063659 0.972516
0.063724 0.973370
0.063789 0.974219
0.063853 0.975060
0.063918 0.975894
0.063984 0.976721
0.064049 0.977539
0.064114 0.978349
0.064180 0.979151
0.064245 0.979943
0.064311 0.980725
0.064377 0.981498
0.064443 0.982260
0.064509 0.983011
0.064575 0.983752
0.064642 0.984480
0.064708 0.985197
0.064775 0.985902
0.064842 0.986594
0.064909 0.987273
0.064976 0.987938
0.065043 0.988590
0.065111 0.989227
0.065178 0.989850
0.065246 0.990457
0.065314 0.991050
0.065382 0.991626
0.065450 0.992187
0.065518 0.992731
0.065586 0.993258
0.065655 0.993768
0.065724 0.994260
0.065792 0.994734
0.065861 0.995190
0.065931 0.995628
0.066000 0.996046
0.066069 0.996446
0.066139 0.996825
0.066208 0.997185
0.066278 0.997524
0.066348 0.997843
0.066418 0.998141
0.066489 0.998418
0.066559 0.998673
0.066630 0.998907
0.066700 0.999119
0.066771 0.999309
0.066842 0.999476
0.066914 0.999620
0.066985 0.999742
0.067056 0.999840
0.067128 0.999915
0.067200 0.999967
0.067272 0.999995
0.067344 0.999999
0.067416 0.999979
0.067488 0.999934
0.067561 0.999866
0.067634 0.999773
0.067707 0.999656
0.067780 0.999514
0.067853 0.999347
0.067926 0.999156
0.068000 0.998939
0.068073 0.998698
0.068147 0.998432
0.068221 0.998141
0.068295 0.997826
0.068370 0.997485
0.068444 0.997120
0.068519 0.996730
0.068594 0.996315
0.068669 0.995875
0.068744 0.995411
0.068819 0.994923
0.068894 0.994411
0.068970 0.993874
0.069046 0.993313
0.069122 0.992729
0.069198 0.992121
0.069274 0.991490
0.069351 0.990835
0.069427 0.990158
0.069504 0.989458
0.069581 0.988735
0.069658 0.987991
0.069736 0.987225
0.069813 0.986437
0.069891 0.985628
0.069969 0.984798
0.070047 0.983948
0.070125 0.983078
0.070203 0.982188
0.070282 0.981279
0.070360 0.980351
0.070439 0.979404
0.070518 0.978440
0.070597 0.977458
0.070677 0.976459
0.070756 0.975443
0.070836 0.974411
0.070916 0.973364
0.070996 0.972302
0.071077 0.971225
0.071157 0.970135
0.071238 0.969030
0.071319 0.967913
0.071400 0.966784
0.071481 0.965643
0.071562 0.964491
0.071644 0.963329
0.071726 0.962156
0.071808 0.960974
0.071890 0.959784
0.071972 0.958586
0.072055 0.957380
0.072137 0.956168
0.072220 0.954949
0.072303 0.953725
0.072387 0.952497
0.072470 0.951264
0.072554 0.950028
0.072638 0.948789
0.072722 0.947548
0.072806 0.946306
0.072891 0.945063
0.072975 0.943821
0.073060 0.942579
0.073145 0.941338
0.073230 0.940100
0.073316 0.938865
0.073402 0.937633
0.073487 0.936405
0.073573 0.935183
0.073660 0.933966
0.073746 0.932755
0.073833 0.931552
0.073920 0.930356
0.074007 0.929169
0.074094 0.927991
0.074181 0.926823
0.074269 0.925666
0.074357 0.924520
0.074445 0.923386
0.074533 0.922264
0.074622 0.921156
0.074711 0.920062
0.074800 0.918982
0.074889 0.917918
0.074978 0.916870
0.075068 0.915839
0.075157 0.914825
0.075248 0.913829
0.075338 0.912852
0.075428 0.911894
0.075519 0.910956
0.075610 0.910038
0.075701 0.909142
0.075792 0.908267
0.075884 0.907415
0.075975 0.906586
0.076067 0.905780
0.076160 0.904999
0.076252 0.904242
0.076345 0.903511
0.076438 0.902805
0.076531 0.902126
0.076624 0.901473
0.076718 0.900849
0.076811 0.900252
0.076905 0.899683
0.077000 0.899144
0.077094 0.898634
0.077189 0.898154
0.077284 0.897704
0.077379 0.897285
0.077474 0.896898
0.077570 0.896542
0.077666 0.896218
0.077762 0.895927
0.077858 0.895669
0.077955 0.895444
0.078052 0.895253
0.078149 0.895096
0.078246 0.894973
0.078344 0.894885
0.078441 0.894832
0.078540 0.894814
0.078638 0.894831
0.078736 0.894885
0.078835 0.894975
0.078934 0.895100
0.079033 0.895263
0.079133 0.895462
0.079233 0.895698
0.079333 0.895971
0.079433 0.896281
0.079534 0.896628
0.079634 0.897012
0.079736 0.897434
0.079837 0.897894
0.079938 0.898391
0.080040 0.898925
0.080142 0.899497
0.080245 0.900106
0.080347 0.900752
0.080450 0.901436
0.080553 0.902157
0.080657 0.902914
0.080760 0.903709
0.080864 0.904539
0.080969 0.905406
0.081073 0.906310
0.081178 0.907248
0.081283 0.908222
0.081388 0.909231
0.081494 0.910275
0.081599 0.911353
0.081706 0.912464
0.081812 0.913609
0.081919 0.914786
0.082026 0.915994
0.082133 0.917235
0.082240 0.918505
0.082348 0.919806
0.082456 0.921136
0.082564 0.922494
0.082673 0.923880
0.082782 0.925293
0.082891 0.926731
0.083001 0.928194
0.083111 0.929680
0.083221 0.931189
0.083331 0.932720
0.083442 0.934270
0.083553 0.935840
0.083664 0.937428
0.083775 0.939032
0.083887 0.940652
0.083999 0.942285
0.084112 0.943930
0.084225 0.945586
0.084338 0.947251
0.084451 0.948924
0.084565 0.950603
0.084679 0.952286
0.084793 0.953971
0.084907 0.955657
0.085022 0.957342
0.085138 0.959024
0.085253 0.960701
0.085369 0.962371
0.085485 0.964032
0.085602 0.965682
0.085718 0.967320
0.085835 0.968941
0.085953 0.970546
0.086071 0.972131
0.086189 0.973695
0.086307 0.975235
0.086426 0.976749
0.086545 0.978235
0.086664 0.979690
0.086784 0.981112
0.086904 0.982500
0.087024 0.983850
0.087145 0.985161
0.087266 0.986430
0.087387 0.987656
0.087509 0.988835
0.087631 0.989967
0.087753 0.991048
0.087876 0.992076
0.087999 0.993051
0.088123 0.993969
0.088246 0.994829
0.088371 0.995628
0.088495 0.996366
0.088620 0.997040
0.088745 0.997649
0.088871 0.998191
0.088996 0.998664
0.089123 0.999068
0.089249 0.999401
0.089376 0.999661
0.089503 0.999849
0.089631 0.999962
0.089759 1.000000
0.089888 0.999962
0.090016 0.999848
0.090146 0.999658
0.090275 0.999390
0.090405 0.999045
0.090535 0.998622
0.090666 0.998122
0.090797 0.997545
0.090928 0.996892
0.091060 0.996162
0.091192 0.995357
0.091325 0.994478
0.091458 0.993524
0.091591 0.992499
0.091725 0.991401
0.091859 0.990234
0.091993 0.988999
0.092128 0.987696
0.092263 0.986329
0.092399 0.984899
0.092535 0.983408
0.092672 0.981858
0.092809 0.980252
0.092946 0.978591
0.093084 0.976879
0.093222 0.975118
0.093360 0.973311
0.093499 0.971461
0.093638 0.969570
0.093778 0.967641
0.093918 0.965678
0.094059 0.963684
0.094200 0.961662
0.094341 0.959615
0.094483 0.957547
0.094626 0.955460
0.094768 0.953359
0.094911 0.951246
0.095055 0.949125
0.095199 0.947000
0.095343 0.944873
0.095488 0.942750
0.095634 0.940632
0.095779 0.938523
0.095926 0.936428
0.096072 0.934349
0.096220 0.932289
0.096367 0.930253
0.096515 0.928244
0.096664 0.926264
0.096813 0.924318
0.096962 0.922408
0.097112 0.920538
0.097262 0.918711
0.097413 0.916930
0.097564 0.915199
0.097716 0.913519
0.097868 0.911894
0.098021 0.910327
0.098174 0.908821
0.098328 0.907379
0.098482 0.906002
0.098636 0.904695
0.098791 0.903458
0.098947 0.902296
0.099103 0.901209
0.099260 0.900200
0.099417 0.899272
0.099574 0.898426
0.099732 0.897665
0.099891 0.896990
0.100050 0.896403
0.100209 0.895906
0.100369 0.895500
0.100530 0.895186
0.100691 0.894967
0.100853 0.894843
0.101015 0.894816
0.101178 0.894886
0.101341 0.895054
0.101504 0.895321
0.101669 0.895687
0.101833 0.896154
0.101999 0.896720
0.102165 0.897387
0.102331 0.898155
0.102498 0.899022
0.102665 0.899989
0.102833 0.901055
0.103002 0.902220
0.103171 0.903482
0.103341 0.904840
0.103511 0.906293
0.103682 0.907840
0.103853 0.909478
0.104025 0.911207
0.104198 0.913022
0.104371 0.914923
0.104544 0.916905
0.104719 0.918967
0.104894 0.921105
0.105069 0.923314
0.105245 0.925593
0.105421 0.927936
0.105599 0.930339
0.105776 0.932797
0.105955 0.935305
0.106134 0.937858
0.106313 0.940451
0.106494 0.943077
0.106674 0.945731
0.106856 0.948405
0.107038 0.951093
0.107220 0.953789
0.107404 0.956484
0.107588 0.959172
0.107772 0.961844
0.107957 0.964492
0.108143 0.967109
0.108330 0.969686
0.108517 0.972214
0.108704 0.974685
0.108893 0.977091
0.109082 0.979422
0.109272 0.981669
0.109462 0.983825
0.109653 0.985881
0.109845 0.987827
0.110037 0.989657
0.110230 0.991361
0.110424 0.992932
0.110618 0.994362
0.110813 0.995645
0.111009 0.996774
0.111206 0.997742
0.111403 0.998544
0.111601 0.999175
0.111799 0.999631
0.111998 0.999907
0.112198 1.000000
0.112399 0.999908
0.112601 0.999630
0.112803 0.999165
0.113006 0.998512
0.113209 0.997673
0.113414 0.996649
0.113619 0.995443
0.113824 0.994058
0.114031 0.992498
0.114238 0.990768
0.114446 0.988874
0.114655 0.986823
0.114865 0.984621
0.115075 0.982277
0.115286 0.979799
0.115498 0.977196
0.115711 0.974479
0.115924 0.971657
0.116139 0.968741
0.116354 0.965742
0.116570 0.962673
0.116786 0.959543
0.117004 0.956367
0.117222 0.953155
0.117441 0.949920
0.117661 0.946674
0.117882 0.943430
0.118103 0.940200
0.118326 0.936997
0.118549 0.933832
0.118773 0.930718
0.118998 0.927666
0.119224 0.924688
0.119451 0.921796
0.119678 0.919000
0.119906 0.916310
0.120136 0.913738
0.120366 0.911293
0.120597 0.908985
0.120829 0.906823
0.121062 0.904815
0.121295 0.902971
0.121530 0.901297
0.121765 0.899800
0.122002 0.898489
0.122239 0.897369
0.122477 0.896445
0.122717 0.895724
0.122957 0.895209
0.123198 0.894904
0.123440 0.894814
0.123683 0.894942
0.123927 0.895288
0.124172 0.895855
0.124418 0.896643
0.124665 0.897652
0.124912 0.898883
0.125161 0.900332
0.125411 0.901998
0.125662 0.903878
0.125914 0.905966
0.126166 0.908258
0.126420 0.910748
0.126675 0.913427
0.126931 0.916288
0.127188 0.919321
0.127446 0.922515
0.127705 0.925858
0.127965 0.929336
0.128226 0.932934
0.128488 0.936638
0.128752 0.940428
0.129016 0.944288
0.129282 0.948196
0.129548 0.952133
0.129816 0.956075
0.130085 0.959999
0.130354 0.963882
0.130625 0.967698
0.130898 0.971422
0.131171 0.975027
0.131445 0.978488
0.131721 0.981777
0.131997 0.984868
0.132275 0.987736
0.132554 0.990357
0.132835 0.992705
0.133116 0.994760
0.133399 0.996499
0.133682 0.997906
0.133968 0.998963
0.134254 0.999657
0.134541 0.999978
0.134830 0.999917
0.135120 0.999470
0.135411 0.998636
0.135704 0.997418
0.135997 0.995822
0.136292 0.993857
0.136589 0.991537
0.136886 0.988877
0.137185 0.985896
0.137485 0.982619
0.137787 0.979069
0.138089 0.975274
0.138394 0.971264
0.138699 0.967070
0.139006 0.962725
0.139314 0.958263
0.139624 0.953719
0.139935 0.949128
0.140247 0.944526
0.140561 0.939948
0.140876 0.935428
0.141192 0.931002
0.141510 0.926701
0.141830 0.922559
0.142151 0.918606
0.142473 0.914872
0.142797 0.911385
0.143122 0.908171
0.143449 0.905255
0.143777 0.902658
0.144107 0.900403
0.144438 0.898508
0.144771 0.896989
0.145105 0.895861
0.145441 0.895137
0.145779 0.894826
0.146118 0.894936
0.146458 0.895474
0.146800 0.896440
0.147144 0.897835
0.147490 0.899656
0.147837 0.901897
0.148185 0.904548
0.148536 0.907597
0.148888 0.911026
0.149241 0.914816
0.149596 0.918942
0.149954 0.923375
0.150312 0.928082
0.150673 0.933025
0.151035 0.938163
0.151399 0.943448
0.151764 0.948831
0.152132 0.954255
0.152501 0.959661
0.152872 0.964988
0.153245 0.970171
0.153620 0.975143
0.153996 0.979837
0.154375 0.984186
0.154755 0.988124
0.155137 0.991588
0.155521 0.994520
0.155907 0.996869
0.156295 0.998588
0.156684 0.999640
0.157076 1.000000
0.157470 0.999650
0.157865 0.998585
0.158263 0.996813
0.158663 0.994353
0.159064 0.991234
0.159468 0.987498
0.159874 0.983199
0.160282 0.978396
0.160691 0.973160
0.161103 0.967566
0.161518 0.961694
0.161934 0.955630
0.162352 0.949458
0.162773 0.943267
0.163196 0.937141
0.163621 0.931165
0.164048 0.925418
0.164477 0.919979
0.164909 0.914919
0.165343 0.910305
0.165779 0.906198
0.166218 0.902654
0.166659 0.899722
0.167102 0.897444
0.167547 0.895855
0.167995 0.894984
0.168446 0.894853
0.168898 0.895474
0.169354 0.896853
0.169811 0.898987
0.170272 0.901862
0.170734 0.905457
0.171199 0.909738
0.171667 0.914661
0.172137 0.920169
0.172610 0.926193
0.173086 0.932652
0.173564 0.939448
0.174045 0.946475
0.174528 0.953611
0.175014 0.960722
0.175503 0.967669
0.175995 0.974301
0.176489 0.980469
0.176986 0.986021
0.177486 0.990813
0.177989 0.994712
0.178495 0.997602
0.179003 0.999387
0.179514 1.000000
0.180029 0.999404
0.180546 0.997594
0.181066 0.994602
0.181590 0.990491
0.182116 0.985357
0.182645 0.979325
0.183178 0.972544
0.183713 0.965180
0.184252 0.957413
0.184794 0.949431
0.185339 0.941422
0.185888 0.933571
0.186439 0.926057
0.186994 0.919048
0.187552 0.912695
0.188114 0.907139
0.188678 0.902501
0.189247 0.898884
0.189818 0.896373
0.190394 0.895034
0.190972 0.894914
0.191555 0.896035
0.192140 0.898402
0.192730 0.901990
0.193323 0.906753
0.193919 0.912613
0.194520 0.919464
0.195124 0.927166
0.195732 0.935545
0.196343 0.944394
0.196959 0.953471
0.197578 0.962506
0.198201 0.971205
0.198828 0.979262
0.199460 0.986368
0.200095 0.992230
0.200734 0.996586
0.201377 0.999222
0.202025 0.999990
0.202677 0.998821
0.203333 0.995728
0.203993 0.990816
0.204657 0.984267
0.205326 0.976340
0.205999 0.967346
0.206677 0.957639
0.207359 0.947589
0.208045 0.937573
0.208737 0.927952
0.209432 0.919066
0.210133 0.911220
0.210838 0.904680
0.211548 0.899667
0.212262 0.896360
0.212982 0.894886
0.213706 0.895325
0.214436 0.897704
0.215170 0.901993
0.215909 0.908100
0.216654 0.915865
0.217404 0.925056
0.218158 0.935360
0.218918 0.946385
0.219684 0.957663
0.220455 0.968661
0.221231 0.978806
0.222013 0.987514
0.222800 0.994236
0.223593 0.998509
0.224391 1.000000
0.225196 0.998548
0.226006 0.994190
0.226821 0.987162
0.227643 0.977879
0.228471 0.966901
0.229305 0.954878
0.230145 0.942506
0.230991 0.930472
0.231843 0.919418
0.232702 0.909914
0.233567 0.902439
0.234438 0.897371
0.235316 0.894983
0.236201 0.895437
0.237092 0.898776
0.237990 0.904921
0.238895 0.913648
0.239807 0.924580
0.240726 0.937174
0.241652 0.950710
0.242585 0.964315
0.243525 0.976993
0.244472 0.987709
0.245427 0.995485
0.246390 0.999535
0.247360 0.999378
0.248337 0.994932
0.249323 0.986539
0.250316 0.974928
0.251317 0.961119
0.252327 0.946294
0.253344 0.931668
0.254370 0.918379
0.255404 0.907412
0.256446 0.899560
0.257497 0.895396
0.258557 0.895269
0.259625 0.899286
0.260702 0.907293
0.261788 0.918848
0.262884 0.933183
0.263988 0.949185
0.265102 0.965414
0.266225 0.980189
0.267358 0.991767
0.268501 0.998610
0.269653 0.999679
0.270815 0.994677
0.271988 0.984152
0.273170 0.969405
0.274363 0.952252
0.275566 0.934713
0.276780 0.918731
0.278005 0.905972
0.279240 0.897718
0.280487 0.894814
0.281745 0.897654
0.283014 0.906144
0.284294 0.919643
0.285586 0.936899
0.286890 0.956001
0.288206 0.974455
0.289534 0.989452
0.290875 0.998367
0.292228 0.999406
0.293593 0.992156
0.294971 0.977776
0.296363 0.958716
0.297767 0.938117
0.299185 0.919151
0.300617 0.904525
0.302062 0.896229
0.303521 0.895437
0.304994 0.902456
0.306482 0.916650
0.307984 0.936299
0.309501 0.958505
0.311033 0.979326
0.312581 0.994384
0.314144 0.999999
