-100.000000 -0.900969 1
-99.000000 -0.858449 1
-98.000000 -0.809017 1
-97.000000 -0.753071 1
-96.000000 -0.691063 1
-95.000000 -0.623490 1
-94.000000 -0.550897 1
-93.000000 -0.473869 1
-92.000000 -0.393025 1
-91.000000 -0.309017 1
-90.000000 -0.222521 1
-89.000000 -0.134233 1
-88.000000 -0.044865 1
-87.000000 0.044865 1
-86.000000 0.134233 1
-85.000000 0.222521 1
-84.000000 0.309017 1
-83.000000 0.393025 1
-82.000000 0.473869 1
-81.000000 0.550897 1
-80.000000 0.623490 1
-79.000000 0.691063 1
-78.000000 0.753071 1
-77.000000 0.809017 1
-76.000000 0.858449 1
-75.000000 0.900969 1
-74.000000 0.936235 1
-73.000000 0.963963 1
-72.000000 0.983930 1
-71.000000 0.995974 1
-70.000000 1.000000 1
-69.000000 0.995974 1
-68.000000 0.983930 1
-67.000000 0.963963 1
-66.000000 0.936235 1
-65.000000 0.900969 1
-64.000000 0.858449 1
-63.000000 0.809017 1
-62.000000 0.753071 1
-61.000000 0.691063 1
-60.000000 0.623490 1
-59.000000 0.550897 1
-58.000000 0.473869 1
-57.000000 0.393025 1
-56.000000 0.309017 1
-55.000000 0.222521 1
-54.000000 0.134233 1
-53.000000 0.044865 1
-52.000000 -0.044865 1
-51.000000 -0.134233 1
-50.000000 -0.222521 1
-49.000000 -0.309017 1
-48.000000 -0.393025 1
-47.000000 -0.473869 1
-46.000000 -0.550897 1
-45.000000 -0.623490 1
-44.000000 -0.691063 1
-43.000000 -0.753071 1
-42.000000 -0.809017 1
-41.000000 -0.858449 1
-40.000000 -0.900969 1
-39.000000 -0.936235 1
-38.000000 -0.963963 1
-37.000000 -0.983930 1
-36.000000 -0.995974 1
-35.000000 -1.000000 1
-34.000000 -0.995974 1
-33.000000 -0.983930 1
-32.000000 -0.963963 1
-31.000000 -0.936235 1
-30.000000 -0.900969 1
-29.000000 -0.858449 1
-28.000000 -0.809017 1
-27.000000 -0.753071 1
-26.000000 -0.691063 1
-25.000000 -0.623490 1
-24.000000 -0.550897 1
-23.000000 -0.473869 1
-22.000000 -0.393025 1
-21.000000 -0.309017 1
-20.000000 -0.222521 1
-19.000000 -0.134233 1
-18.000000 -0.044865 1
-17.000000 0.044865 1
-16.000000 0.134233 1
-15.000000 0.222521 1
-14.000000 0.309017 1
-13.000000 0.393025 1
-12.000000 0.473869 1
-11.000000 0.550897 1
-10.000000 0.623490 1
-9.000000 0.691063 1
-8.000000 0.753071 1
-7.000000 0.809017 1
-6.000000 0.858449 1
-5.000000 0.900969 1
-4.000000 0.936235 1
-3.000000 0.963963 1
-2.000000 0.983930 1
-1.000000 0.995974 1
0.000000 1.000000 2
1.000000 0.992115 2
2.000000 0.968583 2
3.000000 0.929776 2
4.000000 0.876307 2
5.000000 0.809017 2
6.000000 0.728969 2
7.000000 0.637424 2
8.000000 0.535827 2
9.000000 0.425779 2
10.000000 0.309017 2
11.000000 0.187381 2
12.000000 0.062791 2
13.000000 -0.062791 2
14.000000 -0.187381 2
15.000000 -0.309017 2
16.000000 -0.425779 2
17.000000 -0.535827 2
18.000000 -0.637424 2
19.000000 -0.728969 2
20.000000 -0.809017 2
21.000000 -0.876307 2
22.000000 -0.929776 2
23.000000 -0.968583 2
24.000000 -0.992115 2
25.000000 -1.000000 2
26.000000 -0.992115 2
27.000000 -0.968583 2
28.000000 -0.929776 2
29.000000 -0.876307 2
30.000000 -0.809017 2
31.000000 -0.728969 2
32.000000 -0.637424 2
33.000000 -0.535827 2
34.000000 -0.425779 2
35.000000 -0.309017 2
36.000000 -0.187381 2
37.000000 -0.062791 2
38.000000 0.062791 2
39.000000 0.187381 2
40.000000 0.309017 2
41.000000 0.425779 2
42.000000 0.535827 2
43.000000 0.637424 2
44.000000 0.728969 2
45.000000 0.809017 2
46.000000 0.876307 2
47.000000 0.929776 2
48.000000 0.968583 2
49.000000 0.992115 2
50.000000 1.000000 2
51.000000 0.992115 2
52.000000 0.968583 2
53.000000 0.929776 2
54.000000 0.876307 2
55.000000 0.809017 2
56.000000 0.728969 2
57.000000 0.637424 2
58.000000 0.535827 2
59.000000 0.425779 2
60.000000 0.309017 2
61.000000 0.187381 2
62.000000 0.062791 2
63.000000 -0.062791 2
64.000000 -0.187381 2
65.000000 -0.309017 2
66.000000 -0.425779 2
67.000000 -0.535827 2
68.000000 -0.637424 2
69.000000 -0.728969 2
70.000000 -0.809017 2
71.000000 -0.876307 2
72.000000 -0.929776 2
73.000000 -0.968583 2
74.000000 -0.992115 2
75.000000 -1.000000 2
76.000000 -0.992115 2
77.000000 -0.968583 2
78.000000 -0.929776 2
79.000000 -0.876307 2
80.000000 -0.809017 2
81.000000 -0.728969 2
82.000000 -0.637424 2
83.000000 -0.535827 2
84.000000 -0.425779 2
85.000000 -0.309017 2
86.000000 -0.187381 2
87.000000 -0.062791 2
88.000000 0.062791 2
89.000000 0.187381 2
90.000000 0.309017 2
91.000000 0.425779 2
92.000000 0.535827 2
93.000000 0.637424 2
94.000000 0.728969 2
95.000000 0.809017 2
96.000000 0.876307 2
97.000000 0.929776 2
98.000000 0.968583 2
99.000000 0.992115 2
100.000000 1.000000 3
101.000000 0.995974 3
102.000000 0.983930 3
103.000000 0.963963 3
104.000000 0.936235 3
105.000000 0.900969 3
106.000000 0.858449 3
107.000000 0.809017 3
108.000000 0.753071 3
109.000000 0.691063 3
110.000000 0.623490 3
111.000000 0.550897 3
112.000000 0.473869 3
113.000000 0.393025 3
114.000000 0.309017 3
115.000000 0.222521 3
116.000000 0.134233 3
117.000000 0.044865 3
118.000000 -0.044865 3
119.000000 -0.134233 3
120.000000 -0.222521 3
121.000000 -0.309017 3
122.000000 -0.393025 3
123.000000 -0.473869 3
124.000000 -0.550897 3
125.000000 -0.623490 3
126.000000 -0.691063 3
127.000000 -0.753071 3
128.000000 -0.809017 3
129.000000 -0.858449 3
130.000000 -0.900969 3
131.000000 -0.936235 3
132.000000 -0.963963 3
133.000000 -0.983930 3
134.000000 -0.995974 3
135.000000 -1.000000 3
136.000000 -0.995974 3
137.000000 -0.983930 3
138.000000 -0.963963 3
139.000000 -0.936235 3
140.000000 -0.900969 3
141.000000 -0.858449 3
142.000000 -0.809017 3
143.000000 -0.753071 3
144.000000 -0.691063 3
145.000000 -0.623490 3
146.000000 -0.550897 3
147.000000 -0.473869 3
148.000000 -0.393025 3
149.000000 -0.309017 3
150.000000 -0.222521 3
151.000000 -0.134233 3
152.000000 -0.044865 3
153.000000 0.044865 3
154.000000 0.134233 3
155.000000 0.222521 3
156.000000 0.309017 3
157.000000 0.393025 3
158.000000 0.473869 3
159.000000 0.550897 3
160.000000 0.623490 3
161.000000 0.691063 3
162.000000 0.753071 3
163.000000 0.809017 3
164.000000 0.858449 3
165.000000 0.900969 3
166.000000 0.936235 3
167.000000 0.963963 3
168.000000 0.983930 3
169.000000 0.995974 3
170.000000 1.000000 3
171.000000 0.995974 3
172.000000 0.983930 3
173.000000 0.963963 3
174.000000 0.936235 3
175.000000 0.900969 3
176.000000 0.858449 3
177.000000 0.809017 3
178.000000 0.753071 3
179.000000 0.691063 3
180.000000 0.623490 3
181.000000 0.550897 3
182.000000 0.473869 3
183.000000 0.393025 3
184.000000 0.309017 3
185.000000 0.222521 3
186.000000 0.134233 3
187.000000 0.044865 3
188.000000 -0.044865 3
189.000000 -0.134233 3
190.000000 -0.222521 3
191.000000 -0.309017 3
192.000000 -0.393025 3
193.000000 -0.473869 3
194.000000 -0.550897 3
195.000000 -0.623490 3
196.000000 -0.691063 3
197.000000 -0.753071 3
198.000000 -0.809017 3
199.000000 -0.858449 3
